11010001 00010000 10110110 01000000
01011001 00001011 01001111 11000001

11011010 00000001 00111001 11000000
00001000 00000101 00110100 11000001

11001001 11100010 10111010 10111111
00110011 10100010 10111100 10111101


11110100 10011001 00000000 00000000
00000000 00000000 00000000 00000000
00000000 00000000 00000000 00000000
00000000 00000000 00000000 00000000

11000001 11010000 01110101 00100001
11000000 00000000 00000000 00000000
00000000 00000000 00000000 00000000
00000000 00000000 00000000 00000000

11110100 10011001 00001101 11000001
11010000 01110101 00100001 11000000
